350 180 0
349 182 0
349 185 0
348 188 0
347 191 0
346 194 0
344 196 0
342 199 0
340 201 0
338 203 0
336 205 0
333 206 0
330 207 0
328 208 0
325 209 0
322 209 0
319 209 0
316 209 0
313 209 0
310 208 0
307 207 0
304 205 0
302 204 0
300 202 0
297 200 0
295 197 0
294 195 0
292 192 0
291 190 0
290 187 0
290 184 0
290 181 0
290 178 0
290 175 0
290 172 0
291 169 0
293 166 0
294 164 0
296 161 0
298 159 0
300 157 0
302 155 0
305 153 0
307 152 0
310 151 0
313 150 0
316 150 0
319 150 0
322 150 0
325 150 0
328 151 0
331 152 0
334 153 0
336 155 0
339 156 0
341 158 0
343 161 0
345 163 0
346 166 0
347 168 0
348 171 0
349 174 0
349 177 0
349 180 0
349 183 0
349 186 0
348 189 0
347 192 0
346 194 0
344 197 0
342 199 0
340 201 0
338 203 0
