245 153 0 
245 160 0 
248 168 0 
253 176 0 
259 184 0 
265 192 0 
271 200 0 
275 208 0 
272 216 0 
270 224 0 
271 232 0 
273 240 0 
277 248 0 
283 256 0 
282 264 0 
287 268 0 
291 269 0 
299 271 0 
307 270 0 
313 265 0 
319 262 0 
325 263 0 
329 269 0 
333 277 0 
341 279 0 
347 271 0 
348 263 0 
352 257 0 
350 249 0 
353 241 0 
356 233 0 
357 225 0 
356 226 0 
357 234 0 
355 228 0 
350 228 0 
350 223 0 
352 219 0 
356 219 0 
355 211 0 
351 203 0 
354 195 0 
360 187 0 
364 179 0 
364 180 0 
366 174 0 
370 166 0 
373 158 0 
372 150 0 
365 149 0 
357 155 0 
349 162 0 
341 168 0 
333 172 0 
330 164 0 
322 166 0 
318 159 0 
320 152 0 
321 158 0 
321 153 0 
324 154 0 
319 158 0 
316 161 0 
310 167 0 
303 160 0 
302 152 0 
307 145 0 
314 149 0 
314 146 0 
316 154 0 
317 150 0 
321 144 0 
329 148 0 
329 156 0 
329 163 0 
327 166 0 
321 167 1 
245 154 0 
245 162 0 
248 160 0 
247 152 0 
255 153 0 
263 158 0 
271 163 0 
279 169 0 
287 174 0 
289 166 0 
290 158 0 
290 150 0 
291 142 0 
290 134 0 
290 126 0 
286 118 0 
285 110 0 
289 103 0 
297 106 0 
305 114 0 
311 122 0 
316 130 0 
319 136 0 
323 142 1 
248 169 0 
251 171 0 
253 177 0 
257 183 0 
262 187 0 
265 191 0 
261 183 0 
256 176 1 
257 156 0 
261 157 0 
263 160 0 
267 159 1 
266 195 0 
271 197 0 
267 191 1 
270 221 0 
276 224 0 
284 229 0 
292 233 0 
300 236 0 
308 237 0 
316 237 0 
324 236 0 
332 234 0 
340 231 0 
346 228 0 
349 232 0 
342 232 0 
335 235 0 
335 230 0 
333 229 0 
330 231 1 
270 222 0 
271 230 0 
273 234 0 
272 226 0 
278 226 0 
278 227 0 
276 229 1 
273 165 0 
279 170 0 
283 174 0 
275 169 0 
267 163 1 
273 210 0 
279 209 0 
277 207 0 
277 210 1 
275 246 0 
278 245 0 
279 250 0 
286 256 0 
282 250 1 
277 250 0 
282 258 0 
282 266 1 
279 244 0 
287 247 0 
290 253 1 
281 170 0 
287 176 0 
292 183 0 
284 177 1 
281 230 0 
286 231 0 
285 235 0 
292 235 1 
284 109 0 
286 115 0 
288 119 1 
284 268 0 
290 270 0 
287 275 0 
291 283 0 
299 284 0 
305 277 0 
309 270 0 
303 271 0 
295 271 1 
286 236 0 
294 239 0 
302 241 0 
310 242 0 
318 242 0 
322 249 0 
329 246 0 
327 245 1 
286 273 0 
289 275 0 
290 283 0 
293 285 1 
288 103 0 
294 105 0 
300 108 0 
306 116 0 
309 120 0 
312 124 1 
289 124 0 
292 126 0 
291 134 0 
290 142 0 
291 150 0 
291 158 0 
293 150 0 
293 142 0 
292 134 0 
291 126 1 
291 257 0 
296 264 0 
299 269 0 
307 269 0 
313 267 0 
316 262 0 
322 261 0 
314 261 0 
310 260 0 
316 261 1 
296 170 0 
299 172 0 
301 180 0 
304 186 0 
312 185 0 
319 186 0 
326 190 0 
331 190 0 
327 182 0 
326 178 0 
329 184 1 
299 167 0 
304 171 0 
308 173 0 
316 175 0 
324 174 0 
318 174 0 
310 174 1 
300 138 0 
307 137 0 
307 138 0 
302 136 0 
303 141 0 
308 135 1 
300 152 0 
303 156 0 
301 149 0 
308 146 1 
300 238 0 
308 239 0 
316 239 0 
318 240 0 
310 241 0 
303 239 1 
301 182 0 
309 185 0 
317 186 0 
321 187 0 
313 186 1 
302 163 0 
304 165 0 
311 166 0 
314 164 1 
305 185 0 
311 191 0 
309 188 0 
311 188 0 
313 193 0 
305 188 1 
307 154 0 
312 157 0 
309 154 0 
309 155 0 
313 156 1 
312 191 0 
320 192 0 
328 193 0 
326 188 1 
313 133 0 
317 134 0 
320 136 0 
321 141 1 
313 149 0 
318 146 0 
319 143 1 
316 194 0 
324 194 0 
330 190 0 
333 187 1 
319 236 0 
327 238 0 
321 240 1 
324 142 0 
329 150 0 
326 145 1 
325 175 0 
329 174 0 
336 174 0 
334 178 1 
327 267 0 
331 269 0 
339 266 0 
343 263 0 
336 265 0 
329 266 1 
329 248 0 
336 250 0 
344 247 0 
343 250 0 
343 253 0 
349 248 0 
351 247 1 
329 273 0 
332 277 0 
337 279 0 
343 278 0 
345 273 0 
345 267 0 
349 259 0 
353 257 1 
330 247 0 
334 250 0 
338 254 0 
345 252 0 
351 250 1 
335 181 0 
341 187 0 
346 195 0 
351 198 0 
356 194 0 
359 189 0 
361 186 1 
338 182 0 
339 188 0 
342 193 0 
347 201 0 
352 203 0 
346 201 0 
350 197 0 
356 191 1 
340 230 0 
348 227 0 
352 224 1 
342 167 0 
347 165 0 
349 163 0 
353 157 1 
351 163 0 
359 155 0 
358 152 0 
364 150 0 
367 147 0 
369 149 0 
373 150 1 
352 207 0 
353 211 0 
354 215 0 
