250 180 0
252 180 0
254 180 0
256 180 0
258 180 0
260 180 0
262 180 0
264 180 0
266 180 0
268 180 0
270 180 0
272 180 0
274 180 0
276 180 0
278 180 0
280 180 0
282 180 0
284 180 0
286 180 0
288 180 0
290 180 0
292 180 0
294 180 0
296 180 0
298 180 0
300 180 0
302 180 0
304 180 0
306 180 0
308 180 0
310 180 0
312 180 0
314 180 0
316 180 0
318 180 0
320 180 0
322 180 0
324 180 0
326 180 0
328 180 0
330 180 0
332 180 0
334 180 0
336 180 0
338 180 0
340 180 0
342 180 0
344 180 0
346 180 0
348 180 0
350 180 0
352 180 0
354 180 0
356 180 0
358 180 0
360 180 0
362 180 0
364 180 0
366 180 0
368 180 0
370 180 0
372 180 0
374 180 0
376 180 0
378 180 0
380 180 0
382 180 0
384 180 0
386 180 0
388 180 0
390 180 0
392 180 0
394 180 0
396 180 0
398 180 0
400 180 0
402 180 0
404 180 0
406 180 0
408 180 0
410 180 0
412 180 0
414 180 0
416 180 0
418 180 0
420 180 0
422 180 0
424 180 0
426 180 0
428 180 0
430 180 0
432 180 0
434 180 0
436 180 0
438 180 0
440 180 0
442 180 0
444 180 0
446 180 0
448 180 0
450 180 1
