196 227 0 
200 231 0 
206 233 0 
212 232 0 
218 229 0 
221 223 0 
221 217 0 
219 211 0 
214 205 0 
208 199 0 
203 193 0 
201 187 0 
202 181 0 
207 177 0 
213 176 0 
218 178 0 
217 174 0 
211 173 0 
207 174 0 
201 178 0 
198 184 0 
198 190 0 
202 196 0 
207 202 0 
213 208 0 
218 214 0 
219 220 0 
217 226 0 
211 230 0 
205 230 0 
199 228 0 
196 230 0 
202 228 0 
200 232 1 
197 184 0 
197 190 0 
200 186 0 
198 180 0 
202 184 1 
200 196 0 
204 200 0 
210 206 0 
216 208 0 
212 204 0 
208 198 0 
206 200 0 
212 206 0 
216 211 0 
216 209 1 
201 176 0 
207 176 0 
213 177 0 
219 176 0 
219 174 1 
201 233 0 
207 232 0 
213 233 0 
211 229 0 
205 229 1 
204 201 0 
210 207 0 
216 213 0 
220 215 1 
206 231 0 
212 231 0 
218 226 0 
216 230 0 
220 229 0 
219 223 0 
217 217 1 
230 208 0 
231 202 0 
232 196 0 
232 190 0 
232 184 0 
232 178 0 
235 177 0 
234 183 0 
234 189 0 
234 195 0 
235 200 0 
240 194 0 
245 188 0 
249 182 0 
254 176 0 
252 179 0 
257 176 0 
258 176 0 
254 179 0 
251 184 0 
246 190 0 
242 196 0 
238 202 0 
242 208 0 
247 214 0 
251 220 0 
255 226 0 
259 231 0 
254 229 0 
250 223 0 
246 217 0 
241 211 0 
237 205 0 
239 201 0 
234 203 0 
234 209 0 
234 215 0 
233 221 0 
233 227 0 
231 232 0 
231 226 0 
231 220 0 
231 214 0 
231 208 0 
232 202 0 
231 196 0 
231 190 0 
231 184 0 
231 178 0 
235 175 0 
234 181 0 
235 187 0 
235 193 0 
237 197 0 
242 195 0 
244 194 0 
242 190 0 
248 189 0 
250 187 0 
249 181 0 
254 182 1 
230 209 0 
230 215 0 
230 221 0 
231 227 0 
231 233 0 
234 228 0 
234 222 0 
233 216 0 
233 210 0 
233 205 0 
233 199 0 
233 193 1 
235 204 0 
241 205 0 
244 209 0 
242 211 0 
238 208 1 
235 206 0 
239 210 0 
244 214 0 
248 214 0 
251 218 0 
250 224 0 
247 220 0 
249 219 1 
261 174 0 
265 178 0 
268 184 0 
271 190 0 
274 196 0 
275 200 0 
275 204 0 
275 210 0 
275 216 0 
275 222 0 
274 228 0 
277 231 0 
277 225 0 
278 219 0 
278 213 0 
278 207 0 
281 201 0 
284 195 0 
287 189 0 
291 183 0 
294 177 0 
289 181 0 
286 187 0 
282 193 0 
279 199 0 
279 203 0 
279 202 0 
273 203 0 
272 197 0 
269 191 0 
266 185 0 
263 179 0 
263 181 0 
265 175 0 
261 175 1 
274 200 0 
278 205 0 
279 211 0 
279 217 0 
277 217 0 
276 211 0 
276 205 0 
277 209 0 
276 215 0 
276 221 1 
274 214 0 
274 220 0 
274 226 0 
274 232 0 
278 229 0 
278 223 1 
276 198 0 
281 199 0 
285 195 0 
284 189 0 
289 188 0 
286 184 0 
290 183 1 
288 180 0 
293 180 0 
293 175 0 
291 176 0 
293 174 1 
298 229 0 
299 225 0 
300 219 0 
300 213 0 
300 207 0 
300 201 0 
300 195 0 
301 189 0 
301 183 0 
301 177 0 
306 176 0 
309 182 0 
312 188 0 
316 194 0 
319 200 0 
322 206 0 
326 212 0 
329 218 0 
332 224 0 
336 224 0 
336 218 0 
336 212 0 
336 206 0 
336 200 0 
336 194 0 
337 188 0 
337 182 0 
337 176 0 
340 179 0 
339 185 0 
339 191 0 
339 197 0 
339 203 0 
338 209 0 
338 215 0 
338 221 0 
338 227 0 
336 232 0 
332 228 0 
328 222 0 
325 216 0 
322 210 0 
318 204 0 
315 198 0 
311 192 0 
308 186 0 
305 180 0 
308 182 0 
303 185 0 
303 191 0 
303 197 0 
303 203 0 
302 209 0 
302 215 0 
302 221 0 
302 227 0 
300 232 0 
300 228 0 
299 222 0 
299 216 0 
299 210 0 
299 204 0 
299 198 1 
298 230 0 
302 232 0 
301 226 0 
301 220 1 
300 176 0 
300 182 0 
300 188 0 
301 194 0 
301 200 0 
302 206 0 
303 212 0 
303 218 0 
303 224 0 
303 230 1 
302 176 0 
303 182 0 
304 188 0 
304 194 0 
304 200 0 
304 206 1 
318 206 0 
323 206 0 
322 212 0 
322 209 0 
319 203 1 
327 222 0 
332 222 0 
331 228 0 
331 229 1 
329 220 0 
333 224 0 
335 226 0 
334 231 1 
333 223 0 
335 219 0 
335 213 0 
335 207 0 
335 201 0 
335 195 0 
337 193 0 
337 199 0 
338 205 0 
339 211 0 
339 217 0 
339 223 0 
339 229 0 
337 229 0 
337 223 1 
336 175 0 
339 177 0 
340 183 0 
340 189 0 
340 195 0 
340 201 1 
349 218 0 
350 222 0 
350 228 0 
353 232 0 
359 232 0 
365 232 0 
371 232 0 
376 230 0 
370 229 0 
364 229 0 
358 229 0 
352 228 0 
353 222 0 
353 216 0 
353 210 0 
355 204 0 
361 204 0 
367 204 0 
373 204 0 
369 205 0 
363 205 0 
357 205 0 
354 207 0 
354 213 0 
354 219 0 
354 225 0 
352 223 0 
351 217 0 
350 211 0 
351 205 0 
351 199 0 
351 193 0 
351 187 0 
351 181 0 
352 175 0 
358 175 0 
364 175 0 
370 175 0 
376 175 0 
375 178 0 
369 177 0 
365 177 0 
371 178 0 
377 177 0 
374 174 0 
368 174 0 
362 174 0 
356 174 0 
352 176 0 
352 182 0 
355 178 0 
361 178 0 
361 177 0 
355 177 0 
353 181 0 
354 187 0 
354 193 0 
353 199 0 
358 202 0 
364 202 0 
370 202 0 
375 204 0 
374 201 0 
368 201 0 
362 201 0 
356 201 0 
354 198 0 
353 192 0 
353 186 0 
352 186 0 
352 192 0 
352 198 0 
353 204 0 
352 209 0 
351 215 0 
351 221 0 
351 227 0 
356 228 0 
362 228 0 
368 228 0 
374 228 0 
375 231 0 
369 230 0 
363 230 0 
357 230 0 
351 231 0 
349 227 0 
349 221 1 
349 232 0 
355 233 0 
361 233 0 
367 233 0 
373 233 1 
350 178 0 
350 184 0 
350 190 0 
350 196 0 
350 202 0 
350 208 1 
351 230 0 
357 231 0 
363 231 0 
369 231 0 
375 230 1 
353 176 0 
359 176 0 
365 176 0 
371 176 1 
382 174 0 
388 175 0 
394 175 0 
400 175 0 
406 175 0 
412 175 0 
411 178 0 
405 178 0 
404 178 0 
410 177 0 
412 179 1 
382 175 0 
385 178 0 
391 178 0 
394 177 0 
388 177 0 
382 178 0 
388 179 1 
383 174 0 
389 174 0 
395 174 0 
401 174 0 
407 174 0 
413 174 0 
409 176 0 
403 176 0 
399 180 0 
399 186 0 
399 192 0 
399 198 0 
399 204 0 
398 210 0 
398 216 0 
398 222 0 
398 228 0 
395 231 0 
395 225 0 
396 219 0 
396 213 0 
396 207 0 
396 201 0 
396 195 0 
396 189 0 
397 183 0 
396 177 0 
396 183 0 
397 189 0 
397 195 0 
398 201 0 
398 207 0 
399 213 0 
399 219 0 
399 225 0 
399 231 0 
397 233 1 
384 176 0 
390 176 0 
396 176 0 
399 178 0 
400 184 0 
400 190 0 
400 196 0 
400 202 0 
400 208 1 
395 197 0 
395 203 0 
395 209 0 
395 215 0 
395 221 0 
396 227 0 
397 227 0 
