320 100 0
320 102 0
320 104 0
320 106 0
320 108 0
320 110 0
320 112 0
320 114 0
320 116 0
320 118 0
320 120 0
320 122 0
320 124 0
320 126 0
320 128 0
320 130 0
320 132 0
320 134 0
320 136 0
320 138 0
320 140 0
320 142 0
320 144 0
320 146 0
320 148 0
320 150 0
320 152 0
320 154 0
320 156 0
320 158 0
320 160 0
320 162 0
320 164 0
320 166 0
320 168 0
320 170 0
320 172 0
320 174 0
320 176 0
320 178 0
320 180 0
320 182 0
320 184 0
320 186 0
320 188 0
320 190 0
320 192 0
320 194 0
320 196 0
320 198 0
320 200 0
320 202 0
320 204 0
320 206 0
320 208 0
320 210 0
320 212 0
320 214 0
320 216 0
320 218 0
320 220 0
320 222 0
320 224 0
320 226 0
320 228 0
320 230 0
320 232 0
320 234 0
320 236 0
320 238 0
320 240 0
320 242 0
320 244 0
320 246 0
320 248 0
320 250 1
